
strategic_region={
	id=60
	name="STRATEGICREGION_60"
	provinces={
		53 54 55 79 91 108 114 117 123 124 199 206 210 228 230 239 270 276 280 352 384 391 424 437 443 478 482 520 521 532 538 542 543 547 570 597 604 609 670 707 725 741 789 803 807 810 817 825 867 872 904 907 913 931 941 974 975 998 1002 1033 1037 1044 1045 1061 1073 1074 1094 1096 1126 1133 1148 1190 1191 1193 1206 1251 1265 1266 1269 1299 1300 1306 1325 1337 1361 1372 1379 1399 1441 1455 1460 1472 1481 1486 1489 1509 1533 1569 1578 1580 1596 1607 1611 1613 1632 1637 1650 1683 1685 1721 1735 1748 1764 1786 1791 1801 1808 1838 1843 1866 1873 1878 1883 1905 1929 1967 1982 1995 2001 2022 2066 2116 2149 2192 2199 2207 2215 2227 2230 2279 2318 2330 2360 2371 2397 2420 2433 2443 2455 2459 2473 2477 2492 2493 2511 2524 2530 2549 2550 2551 2584 2615 2637 2643 2658 2660 2678 2689 2690 2720 2722 2726 2753 2755 2762 2773 2781 2793 2802 2815 2841 2912 2917 2929 2938 2969 2973 2986 3022 3028 3058 3066 3070 3081 3086 3114 3122 3137 3148 3158 3160 3169 3188 3206 3215 3263 3280 3289 3321 3330 3332 3338 3340 3359 3365 3391 3413 3432 3436 3454 3466 3469 3477 3489 3493 3510 3534 3551 3556 3561 3567 3582 3583 3650 3651 3664 3700 3705 3715 3732 3744 3766 3789 3797 3820 3832 3882 3883 3905 3909 3912 3994 4055 4056 4068 4092 4095 4102 4112 4140 4155 4190 4205 4216 4222 4245 4265 4301 4307 4317 4372 4380 4388 4427 4434 4446 4452 4466 4492 4506 4508 4515 4524 4546 4556 4561 4569 4571 4574 4617 4643 4653 4681 4755 4804 4819 4824 4828 4866 4872 4909 4925 4947 4954 4965 4973 5008 5025 5026 6364 6366 6382 6388 6389 6390 6391 6394 6399 6403 6407 6408 6414 6423 6427 6429 6432 6434 6435 6437 6441 6450 6451 6452 6455 6463 6466 6474 6475 6477 6478 6483 6484 6485 6488 6489 6495 6507 6508 6509 6515 6519 6520 6550 6554 6568 6576 6590 6595 6611 6622 6625 6627 6630 6646 6652 6655 6671 6678 6680 6682 6686 6691 6693 6699 6707 6724 6726 6729 6733 6735 6736 6740 6743 6750 6751 6752 6754 6755 6756 6757 6764 6765 6766 6774 6775 6776 6777 6785 6786 6792 6793 6794 6796 6797 6799 6802 6805 6810 6814 6817 6820 6823 6826 6829 6831 6833 6834 6836 6837 6838 6845 6846 6851 6852 6854 6860 6861 6863 6866 6876 6881 6883 6884 6886 6888 6904 6916 6924 6928 6933 6934 6937 6940 6941 6943 6947 6951 6957 6961 6967 6970 6975 6979 6980 6990 6995 6998 7001 7007 7020 7021 7023 7024 7029 7036 
	}
	weather={
		period={
			between={ 0.0 30.0 }
			temperature={ -10.0 35.0 }
			no_phenomenon=1.500
			rain_light=0.250
			rain_heavy=0.100
			snow=0.000
			blizzard=0.000
			arctic_water=0.000
			mud=0.000
			sandstorm=0.000
			min_snow_level=0.000
		}
		period={
			between={ 0.1 27.1 }
			temperature={ -10.0 35.0 }
			no_phenomenon=1.500
			rain_light=0.250
			rain_heavy=0.100
			snow=0.000
			blizzard=0.000
			arctic_water=0.000
			mud=0.000
			sandstorm=0.000
			min_snow_level=0.000
		}
		period={
			between={ 0.2 30.2 }
			temperature={ -10.0 35.0 }
			no_phenomenon=1.500
			rain_light=0.250
			rain_heavy=0.100
			snow=0.000
			blizzard=0.000
			arctic_water=0.000
			mud=0.000
			sandstorm=0.000
			min_snow_level=0.000
		}
		period={
			between={ 0.3 29.3 }
			temperature={ -10.0 35.0 }
			no_phenomenon=1.500
			rain_light=0.250
			rain_heavy=0.100
			snow=0.000
			blizzard=0.000
			arctic_water=0.000
			mud=0.000
			sandstorm=0.000
			min_snow_level=0.000
		}
		period={
			between={ 0.4 30.4 }
			temperature={ -10.0 35.0 }
			no_phenomenon=1.500
			rain_light=0.250
			rain_heavy=0.100
			snow=0.000
			blizzard=0.000
			arctic_water=0.000
			mud=0.000
			sandstorm=0.000
			min_snow_level=0.000
		}
		period={
			between={ 0.5 29.5 }
			temperature={ -10.0 35.0 }
			no_phenomenon=1.500
			rain_light=0.250
			rain_heavy=0.100
			snow=0.000
			blizzard=0.000
			arctic_water=0.000
			mud=0.000
			sandstorm=0.000
			min_snow_level=0.000
		}
		period={
			between={ 0.6 30.6 }
			temperature={ -10.0 35.0 }
			no_phenomenon=1.500
			rain_light=0.250
			rain_heavy=0.100
			snow=0.000
			blizzard=0.000
			arctic_water=0.000
			mud=0.000
			sandstorm=0.000
			min_snow_level=0.000
		}
		period={
			between={ 0.7 30.7 }
			temperature={ -10.0 35.0 }
			no_phenomenon=1.500
			rain_light=0.250
			rain_heavy=0.100
			snow=0.000
			blizzard=0.000
			arctic_water=0.000
			mud=0.000
			sandstorm=0.000
			min_snow_level=0.000
		}
		period={
			between={ 0.8 29.8 }
			temperature={ -10.0 35.0 }
			no_phenomenon=1.500
			rain_light=0.250
			rain_heavy=0.100
			snow=0.000
			blizzard=0.000
			arctic_water=0.000
			mud=0.000
			sandstorm=0.000
			min_snow_level=0.000
		}
		period={
			between={ 0.9 30.9 }
			temperature={ -10.0 35.0 }
			no_phenomenon=1.500
			rain_light=0.250
			rain_heavy=0.100
			snow=0.000
			blizzard=0.000
			arctic_water=0.000
			mud=0.000
			sandstorm=0.000
			min_snow_level=0.000
		}
		period={
			between={ 0.10 29.10 }
			temperature={ -10.0 35.0 }
			no_phenomenon=1.500
			rain_light=0.250
			rain_heavy=0.100
			snow=0.000
			blizzard=0.000
			arctic_water=0.000
			mud=0.000
			sandstorm=0.000
			min_snow_level=0.000
		}
		period={
			between={ 0.11 30.11 }
			temperature={ -10.0 35.0 }
			no_phenomenon=1.500
			rain_light=0.250
			rain_heavy=0.100
			snow=0.000
			blizzard=0.000
			arctic_water=0.000
			mud=0.000
			sandstorm=0.000
			min_snow_level=0.000
		}
	}
}
