
strategic_region={
	id=61
	name="STRATEGICREGION_61"
	provinces={
		86 88 93 121 122 135 162 180 197 198 204 212 218 231 284 304 322 325 400 410 441 461 468 471 504 529 552 557 558 559 574 596 612 682 701 705 710 735 738 777 814 835 843 847 858 859 863 874 902 923 926 934 944 955 963 966 969 972 1006 1011 1023 1030 1054 1060 1075 1098 1099 1113 1117 1128 1142 1153 1161 1202 1229 1231 1263 1297 1310 1338 1359 1371 1426 1436 1438 1459 1471 1488 1492 1497 1504 1523 1544 1566 1584 1593 1598 1609 1618 1620 1631 1641 1642 1657 1666 1677 1695 1698 1705 1738 1744 1747 1752 1753 1771 1774 1778 1812 1828 1833 1852 1861 1869 1872 1903 1907 1916 1917 1946 1958 1968 1973 1986 1992 2010 2011 2020 2024 2025 2058 2061 2065 2067 2070 2079 2092 2100 2122 2125 2130 2201 2216 2220 2223 2247 2283 2296 2310 2314 2340 2407 2419 2422 2439 2462 2471 2476 2479 2481 2517 2541 2546 2553 2555 2556 2564 2592 2603 2638 2654 2655 2664 2673 2674 2683 2698 2705 2728 2729 2731 2733 2744 2763 2765 2775 2789 2799 2826 2837 2845 2848 2851 2852 2856 2857 2859 2867 2876 2885 2896 2919 2941 2947 2948 2951 2961 2964 2965 2996 2998 3003 3007 3018 3036 3059 3060 3061 3100 3136 3159 3176 3229 3244 3264 3265 3277 3301 3323 3339 3349 3350 3366 3370 3371 3389 3399 3412 3429 3441 3492 3499 3500 3520 3521 3530 3536 3540 3543 3573 3587 3590 3593 3606 3608 3615 3626 3657 3663 3687 3690 3712 3719 3722 3733 3736 3743 3760 3782 3783 3784 3785 3787 3802 3804 3816 3824 3836 3838 3843 3854 3895 3927 3930 3931 3938 3944 3983 4005 4007 4020 4029 4042 4066 4074 4075 4082 4094 4110 4121 4135 4170 4171 4181 4184 4203 4217 4232 4243 4251 4253 4258 4293 4298 4314 4339 4353 4366 4374 4379 4398 4404 4414 4416 4419 4444 4465 4475 4477 4496 4498 4514 4517 4528 4536 4549 4555 4581 4606 4615 4625 4627 4635 4641 4652 4663 4672 4677 4685 4724 4732 4735 4737 4747 4765 4770 4778 4783 4787 4801 4802 4803 4806 4812 4817 4827 4852 4857 4891 4899 4902 4927 4934 4939 4950 4951 4957 4964 4967 4979 4984 5016 5028 6906 6978 6984 6997 7005 7006 7012 7013 7015 7019 7026 7027 7028 7035 7038 7041 7044 7045 7046 7048 7049 7050 7051 7052 7053 7056 7058 7059 7061 7062 7063 7066 7070 7073 7077 7080 7081 7083 7084 7085 7086 7088 7090 7093 7094 7095 7097 7098 7099 7100 7101 7102 7104 7105 7106 7107 7108 7109 7110 7112 7114 7115 7116 7117 7118 7119 7120 7121 7123 7124 7125 7126 7127 7128 7129 7131 7132 7133 7134 7135 7136 7137 7138 7139 7140 7141 7143 7145 7146 7149 7152 7153 7154 7155 7156 7160 7163 7165 7167 7168 7169 7170 7171 7173 7177 7180 7181 7183 7184 7186 7187 7189 7190 7191 7192 7193 7196 7197 7200 7203 7206 7207 7209 7211 7213 7215 7216 7217 7218 7219 7220 7221 7222 7226 7228 7229 7231 7232 7235 7236 7238 7239 7240 7242 7243 7244 7245 7246 7247 7249 7250 7252 7253 7255 7256 7257 7259 7262 7263 7266 7268 7270 7271 7272 7273 7274 7275 7281 7282 7283 7284 7290 7291 7292 7293 7294 7296 7297 7299 7301 7302 7303 7304 7309 7310 7311 7313 7314 7316 7320 7321 7322 7323 7324 7325 7326 7335 7336 7341 7350 7352 7353 7355 7359 
	}
	weather={
		period={
			between={ 0.0 30.0 }
			temperature={ -10.0 35.0 }
			no_phenomenon=1.500
			rain_light=0.250
			rain_heavy=0.100
			snow=0.000
			blizzard=0.000
			arctic_water=0.000
			mud=0.000
			sandstorm=0.000
			min_snow_level=0.000
		}
		period={
			between={ 0.1 27.1 }
			temperature={ -10.0 35.0 }
			no_phenomenon=1.500
			rain_light=0.250
			rain_heavy=0.100
			snow=0.000
			blizzard=0.000
			arctic_water=0.000
			mud=0.000
			sandstorm=0.000
			min_snow_level=0.000
		}
		period={
			between={ 0.2 30.2 }
			temperature={ -10.0 35.0 }
			no_phenomenon=1.500
			rain_light=0.250
			rain_heavy=0.100
			snow=0.000
			blizzard=0.000
			arctic_water=0.000
			mud=0.000
			sandstorm=0.000
			min_snow_level=0.000
		}
		period={
			between={ 0.3 29.3 }
			temperature={ -10.0 35.0 }
			no_phenomenon=1.500
			rain_light=0.250
			rain_heavy=0.100
			snow=0.000
			blizzard=0.000
			arctic_water=0.000
			mud=0.000
			sandstorm=0.000
			min_snow_level=0.000
		}
		period={
			between={ 0.4 30.4 }
			temperature={ -10.0 35.0 }
			no_phenomenon=1.500
			rain_light=0.250
			rain_heavy=0.100
			snow=0.000
			blizzard=0.000
			arctic_water=0.000
			mud=0.000
			sandstorm=0.000
			min_snow_level=0.000
		}
		period={
			between={ 0.5 29.5 }
			temperature={ -10.0 35.0 }
			no_phenomenon=1.500
			rain_light=0.250
			rain_heavy=0.100
			snow=0.000
			blizzard=0.000
			arctic_water=0.000
			mud=0.000
			sandstorm=0.000
			min_snow_level=0.000
		}
		period={
			between={ 0.6 30.6 }
			temperature={ -10.0 35.0 }
			no_phenomenon=1.500
			rain_light=0.250
			rain_heavy=0.100
			snow=0.000
			blizzard=0.000
			arctic_water=0.000
			mud=0.000
			sandstorm=0.000
			min_snow_level=0.000
		}
		period={
			between={ 0.7 30.7 }
			temperature={ -10.0 35.0 }
			no_phenomenon=1.500
			rain_light=0.250
			rain_heavy=0.100
			snow=0.000
			blizzard=0.000
			arctic_water=0.000
			mud=0.000
			sandstorm=0.000
			min_snow_level=0.000
		}
		period={
			between={ 0.8 29.8 }
			temperature={ -10.0 35.0 }
			no_phenomenon=1.500
			rain_light=0.250
			rain_heavy=0.100
			snow=0.000
			blizzard=0.000
			arctic_water=0.000
			mud=0.000
			sandstorm=0.000
			min_snow_level=0.000
		}
		period={
			between={ 0.9 30.9 }
			temperature={ -10.0 35.0 }
			no_phenomenon=1.500
			rain_light=0.250
			rain_heavy=0.100
			snow=0.000
			blizzard=0.000
			arctic_water=0.000
			mud=0.000
			sandstorm=0.000
			min_snow_level=0.000
		}
		period={
			between={ 0.10 29.10 }
			temperature={ -10.0 35.0 }
			no_phenomenon=1.500
			rain_light=0.250
			rain_heavy=0.100
			snow=0.000
			blizzard=0.000
			arctic_water=0.000
			mud=0.000
			sandstorm=0.000
			min_snow_level=0.000
		}
		period={
			between={ 0.11 30.11 }
			temperature={ -10.0 35.0 }
			no_phenomenon=1.500
			rain_light=0.250
			rain_heavy=0.100
			snow=0.000
			blizzard=0.000
			arctic_water=0.000
			mud=0.000
			sandstorm=0.000
			min_snow_level=0.000
		}
	}
}
