
strategic_region={
	id=65
	name="STRATEGICREGION_65"
	provinces={
		3 26 58 70 83 84 111 125 126 132 149 150 155 157 190 193 194 202 247 250 286 305 313 321 337 348 351 355 357 360 374 375 377 389 427 432 453 473 519 528 553 563 573 575 607 631 657 674 713 717 720 731 736 752 755 768 773 776 783 806 880 898 915 924 938 942 950 965 978 979 990 1019 1029 1049 1064 1077 1088 1101 1116 1122 1141 1158 1163 1166 1173 1192 1243 1256 1281 1302 1304 1307 1308 1318 1343 1345 1385 1393 1404 1405 1433 1435 1446 1450 1464 1469 1470 1501 1514 1516 1539 1547 1553 1562 1582 1583 1589 1599 1601 1612 1616 1621 1627 1628 1682 1694 1701 1707 1717 1723 1731 1733 1736 1768 1769 1779 1782 1788 1789 1803 1817 1821 1824 1835 1844 1854 1863 1864 1875 1895 1904 1912 1941 1956 1975 1977 2030 2042 2062 2073 2074 2086 2094 2096 2103 2123 2163 2185 2189 2197 2205 2209 2211 2233 2246 2268 2274 2298 2304 2316 2322 2329 2336 2339 2342 2356 2386 2391 2404 2406 2424 2435 2441 2470 2475 2487 2494 2523 2526 2536 2538 2610 2617 2626 2627 2629 2635 2636 2649 2652 2663 2665 2668 2669 2670 2680 2708 2712 2739 2756 2764 2776 2778 2785 2788 2796 2801 2810 2816 2831 2879 2905 2915 2918 2931 2932 2935 2943 2952 2959 2963 2967 2971 2987 2992 3000 3002 3020 3025 3029 3034 3039 3042 3047 3051 3073 3093 3107 3124 3130 3138 3165 3189 3204 3216 3221 3231 3242 3250 3271 3273 3279 3288 3298 3314 3319 3325 3329 3334 3344 3346 3355 3360 3363 3368 3379 3393 3400 3401 3410 3411 3419 3431 3433 3435 3473 3485 3488 3494 3515 3519 3524 3541 3569 3575 3605 3612 3613 3634 3637 3639 3654 3683 3718 3728 3741 3749 3753 3758 3769 3771 3776 3815 3822 3828 3834 3846 3862 3866 3872 3887 3897 3898 3899 3916 3934 3940 3948 3973 3974 3977 3986 3996 4004 4011 4044 4048 4057 4061 4064 4091 4111 4127 4142 4145 4177 4178 4198 4200 4207 4236 4239 4248 4266 4270 4280 4285 4287 4296 4302 4305 4316 4334 4349 4354 4369 4410 4412 4417 4454 4463 4470 4494 4502 4534 4537 4541 4543 4560 4590 4594 4598 4610 4612 4616 4626 4656 4674 4682 4692 4693 4700 4708 4711 4712 4713 4721 4733 4742 4756 4767 4768 4769 4771 4779 4790 4793 4796 4799 4800 4807 4809 4887 4916 4917 4932 4933 4969 4976 4993 5003 5006 5007 5015 5018 5023 5032 5033 5034 5035 5036 5037 5038 5039 5040 5041 5042 5043 5044 5045 5046 5047 5048 5049 5050 5051 5052 5053 5054 5055 5056 5057 5058 5059 5060 5061 5062 5063 5064 5065 5066 5067 5068 5069 5070 5071 5072 5073 5074 5075 5076 5077 5078 5079 5080 5081 5082 5083 5084 5085 5086 5087 5088 5089 5090 5091 5092 5093 5094 5095 5096 5097 5098 5099 5100 5101 5102 5103 5104 5105 5106 5107 5108 5109 5110 5111 5112 5113 5114 5115 5116 5117 5118 5120 5121 5122 5123 5124 5125 5126 5127 5128 5129 5130 5131 5133 5134 5135 5136 5137 5138 5139 5140 5141 5142 5143 5144 5145 5146 5147 5148 5149 5150 5151 5152 5153 5154 5155 5156 5157 5158 5159 5160 5161 5162 5163 5164 5165 5166 5167 5168 5169 5170 5171 5172 5173 5174 5175 5176 5177 5178 5180 5181 5182 5183 5184 5185 5186 5187 5188 5189 5190 5191 5192 5193 5194 5195 5196 5197 5198 5199 5200 5201 5202 5203 5204 5205 5206 5207 5208 5209 5210 5211 5212 5213 5214 5215 5216 5217 5218 5219 5220 5221 5222 5223 5224 5225 5226 5227 5228 5229 5230 5231 5232 5233 5234 5235 5236 5237 5238 5240 5241 5242 5245 5246 5250 5252 5261 5263 5264 5268 5273 5275 5277 5278 5284 5285 5288 5290 5295 5297 5301 5303 5311 5316 5343 5352 5369 5375 
	}
	weather={
		period={
			between={ 0.0 30.0 }
			temperature={ -10.0 35.0 }
			no_phenomenon=1.500
			rain_light=0.250
			rain_heavy=0.100
			snow=0.000
			blizzard=0.000
			arctic_water=0.000
			mud=0.000
			sandstorm=0.000
			min_snow_level=0.000
		}
		period={
			between={ 0.1 27.1 }
			temperature={ -10.0 35.0 }
			no_phenomenon=1.500
			rain_light=0.250
			rain_heavy=0.100
			snow=0.000
			blizzard=0.000
			arctic_water=0.000
			mud=0.000
			sandstorm=0.000
			min_snow_level=0.000
		}
		period={
			between={ 0.2 30.2 }
			temperature={ -10.0 35.0 }
			no_phenomenon=1.500
			rain_light=0.250
			rain_heavy=0.100
			snow=0.000
			blizzard=0.000
			arctic_water=0.000
			mud=0.000
			sandstorm=0.000
			min_snow_level=0.000
		}
		period={
			between={ 0.3 29.3 }
			temperature={ -10.0 35.0 }
			no_phenomenon=1.500
			rain_light=0.250
			rain_heavy=0.100
			snow=0.000
			blizzard=0.000
			arctic_water=0.000
			mud=0.000
			sandstorm=0.000
			min_snow_level=0.000
		}
		period={
			between={ 0.4 30.4 }
			temperature={ -10.0 35.0 }
			no_phenomenon=1.500
			rain_light=0.250
			rain_heavy=0.100
			snow=0.000
			blizzard=0.000
			arctic_water=0.000
			mud=0.000
			sandstorm=0.000
			min_snow_level=0.000
		}
		period={
			between={ 0.5 29.5 }
			temperature={ -10.0 35.0 }
			no_phenomenon=1.500
			rain_light=0.250
			rain_heavy=0.100
			snow=0.000
			blizzard=0.000
			arctic_water=0.000
			mud=0.000
			sandstorm=0.000
			min_snow_level=0.000
		}
		period={
			between={ 0.6 30.6 }
			temperature={ -10.0 35.0 }
			no_phenomenon=1.500
			rain_light=0.250
			rain_heavy=0.100
			snow=0.000
			blizzard=0.000
			arctic_water=0.000
			mud=0.000
			sandstorm=0.000
			min_snow_level=0.000
		}
		period={
			between={ 0.7 30.7 }
			temperature={ -10.0 35.0 }
			no_phenomenon=1.500
			rain_light=0.250
			rain_heavy=0.100
			snow=0.000
			blizzard=0.000
			arctic_water=0.000
			mud=0.000
			sandstorm=0.000
			min_snow_level=0.000
		}
		period={
			between={ 0.8 29.8 }
			temperature={ -10.0 35.0 }
			no_phenomenon=1.500
			rain_light=0.250
			rain_heavy=0.100
			snow=0.000
			blizzard=0.000
			arctic_water=0.000
			mud=0.000
			sandstorm=0.000
			min_snow_level=0.000
		}
		period={
			between={ 0.9 30.9 }
			temperature={ -10.0 35.0 }
			no_phenomenon=1.500
			rain_light=0.250
			rain_heavy=0.100
			snow=0.000
			blizzard=0.000
			arctic_water=0.000
			mud=0.000
			sandstorm=0.000
			min_snow_level=0.000
		}
		period={
			between={ 0.10 29.10 }
			temperature={ -10.0 35.0 }
			no_phenomenon=1.500
			rain_light=0.250
			rain_heavy=0.100
			snow=0.000
			blizzard=0.000
			arctic_water=0.000
			mud=0.000
			sandstorm=0.000
			min_snow_level=0.000
		}
		period={
			between={ 0.11 30.11 }
			temperature={ -10.0 35.0 }
			no_phenomenon=1.500
			rain_light=0.250
			rain_heavy=0.100
			snow=0.000
			blizzard=0.000
			arctic_water=0.000
			mud=0.000
			sandstorm=0.000
			min_snow_level=0.000
		}
	}
}
