1 1 
1 2 
1 3 
1 4 
1 5 
1 10 
1 21 
1 28 
1 31 
1 37 
1 52 
1 62 
1 87 
1 96 
1 97 
1 100 
1 102 
1 109 
1 115 
1 118 
1 133 
1 139 
1 144 
1 181 
1 218 
1 238 
1 267 
1 279 
1 286 
1 304 
1 310 
1 319 
1 356 
1 359 
1 377 
1 402 
1 404 
1 409 
1 417 
1 419 
1 422 
1 428 
1 431 
1 432 
1 434 
1 442 
1 446 
1 449 
1 455 
1 457 
1 484 
1 490 
1 490 
1 502 
1 502 
1 527 
1 541 
1 545 
1 566 
1 611 
1 623 
1 624 
1 633 
1 651 
1 651 
1 651 
1 651 
1 651 
1 651 
1 651 
1 651 
1 651 
1 662 
1 672 
1 691 
1 696 
1 799 
1 812 
1 838 
1 897 
1 1070 
1 1319 
1 1625 
1 1714 
1 1762 
1 1795 
1 1798 
1 1805 
1 1820 
1 1848 
1 1867 
1 1871 
1 1940 
1 1985 
1 2119 
1 2140 
1 2158 
1 2226 
1 2472 
1 2628 
1 2711 
1 2830 
1 2832 
1 2899 
1 3378 
1 3397 
1 3677 
1 3724 
1 3779 
1 3935 
1 4018 
1 4081 
1 4131 
1 4288 
1 4300 
1 4443 
1 4558 
1 4636 
1 4895 
1 4996 
1 4997 
1 5318 
1 5490 
1 5605 
1 5733 
1 6050 
1 6216 
1 6263 
1 6286 
1 6310 
1 6337 
1 6482 
1 6782 
1 6926 
1 12037 
1 12038 
1 2892
1 2382
1 3667
1 2395
1 3455
1 6240
1 5993
1 5857
1 1674
1 4867
1 1899
1 4955
1 5379
1 5384
1 3167
1 5460
1 444
1 2347
1 1904
1 5079
1 5109
1 5175
1 4111
1 2918
1 2339
1 12043
1 12045
1 12046
1 12047
1 12048
1 12049
1 12050
1 12051
1 12052
1 12053
1 12054
1 12055
1 12056
1 839
1 1611
1 134
1 391
1 12952
1 12957
1 12173
1 13467
1 12392
1 13460
1 12799
1 12218